Matrix Size  Number of Processors  Total Time (s)  Speedup  Efficiency
           4                     1        0.000037 1.000000    1.000000
           4                     4        0.000052 0.711538    0.177885
           8                     1        0.000034 1.000000    1.000000
           8                     4        0.000043 0.790698    0.197674
          12                     1        0.000039 1.000000    1.000000
          12                     4        0.000045 0.866667    0.216667
          16                     1        0.000042 1.000000    1.000000
          16                     4        0.000053 0.792453    0.198113
          20                     1        0.000054 1.000000    1.000000
          20                     4        0.000069 0.782609    0.195652
          24                     1        0.000074 1.000000    1.000000
          24                     4        0.000078 0.948718    0.237179
          28                     1        0.000093 1.000000    1.000000
          28                     4        0.000068 1.367647    0.341912
          32                     1        0.000133 1.000000    1.000000
          32                     4        0.000125 1.064000    0.266000
          36                     1        0.000169 1.000000    1.000000
          36                     4        0.000125 1.352000    0.338000
          40                     1        0.000217 1.000000    1.000000
          40                     4        0.000145 1.496552    0.374138
          80                     1        0.001750 1.000000    1.000000
          80                     4        0.000526 3.326996    0.831749
         100                     1        0.003366 1.000000    1.000000
         100                     4        0.000935 3.600000    0.900000
         500                     1        0.353588 1.000000    1.000000
         500                     4        0.092044 3.841511    0.960378
        1000                     1        6.162089 1.000000    1.000000
        1000                     4        0.701877 8.779443    2.194861
        2000                     1       54.786404 1.000000    1.000000
        2000                     4       11.288920 4.853113    1.213278