Strat,Procs,N,Time
1,1,100000,4.460812e-04_
1,1,10000000,4.406810e-02_
1,1,100000000,4.406970e-01_
1,1,1000000000
1,1,19,3.099442e-06_
1,1,200000,8.759499e-04_
1,1,20000000,8.828306e-02_
1,1,200000000,8.811481e-01_
1,1,2000000000
1,1,400000,1.744986e-03_
1,1,40000000,1.761739e-01_
1,1,400000000
1,1,4000000000,1.907349e-06_
1,1,800000,3.474951e-03_
1,1,80000000,3.531280e-01_
1,1,800000000
1,1,8000000000,3.099442e-06_
1,2,100000,2.779961e-04_
1,2,10000000,2.218390e-02_
1,2,100000000,2.209432e-01_
1,2,19,3.504753e-05_
1,2,200000,5.168915e-04_
1,2,20000000,4.437017e-02_
1,2,200000000,4.413269e-01_
1,2,2000000000
1,4,100000,1.954484e-02_
1,4,10000000,1.161003e-02_
1,4,100000000,1.327329e-01_
1,4,1000000000
1,4,19,4.601479e-05_
1,4,400000,4.808903e-04_
1,4,40000000,5.565906e-02_
1,4,400000000
1,4,4000000000,2.421689e-02_
1,5,100000,1.080036e-04_
1,5,10000000,1.022911e-02_
1,5,100000000,9.161210e-02_
1,5,1000000000
1,5,19,2.694130e-05_
1,5,500000,4.858971e-04_
1,5,50000000,4.848313e-02_
1,5,500000000
1,5,5000000000
1,8,100000,5.945921e-03_
1,8,10000000,2.724791e-02_
1,8,100000000,7.237101e-02_
1,8,1000000000
1,8,19,1.498389e-02_
1,8,800000,3.098416e-02_
1,8,80000000,7.248211e-02_
1,8,800000000
1,8,8000000000,4.162335e+00_
2,1,100000,4.508495e-04_
2,1,10000000,4.419112e-02_
2,1,100000000,4.428110e-01_
2,1,1000000000
2,1,19,1.883507e-05_
2,1,200000,1.029968e-03_
2,1,20000000,8.835602e-02_
2,1,200000000,8.834720e-01_
2,1,2000000000
2,1,400000,1.743078e-03_
2,1,40000000,1.766109e-01_
2,1,400000000
2,1,4000000000,2.384186e-05_
2,1,800000,3.506184e-03_
2,1,80000000,3.531861e-01_
2,1,800000000
2,1,8000000000,2.098083e-05_
2,2,100000,2.529621e-04_
2,2,10000000,2.217507e-02_
2,2,100000000,2.204509e-01_
2,2,1000000000,2.307678e+00_
2,2,19,3.409386e-05_
2,2,200000,5.540848e-04_
2,2,20000000,4.437900e-02_
2,2,200000000,4.432459e-01_
2,2,2000000000
2,4,100000,1.394987e-03_
2,4,10000000,1.329184e-02_
2,4,100000000,1.120009e-01_
2,4,1000000000
2,4,19,6.570816e-04_
2,4,400000,5.190372e-04_
2,4,40000000,4.788303e-02_
2,4,400000000
2,4,4000000000,6.198883e-05_
2,5,100000,1.208782e-04_
2,5,10000000,9.629965e-03_
2,5,100000000,8.972287e-02_
2,5,1000000000
2,5,19,2.598763e-05_
2,5,500000,5.428791e-04_
2,5,50000000,4.488206e-02_
2,5,500000000,1.040867e+02_
2,5,5000000000
2,8,100000,2.628088e-03_
2,8,10000000,2.157998e-02_
2,8,100000000
2,8,1000000000
2,8,19,1.482010e-02_
2,8,800000,6.542206e-04_
2,8,80000000,5.389190e-02_
2,8,800000000
2,8,8000000000,1.347017e-02_
3,1,100000,4.508495e-04_
3,1,10000000,4.418206e-02_
3,1,100000000,4.416039e-01_
3,1,1000000000
3,1,19,2.002716e-05_
3,1,200000,1.027822e-03_
3,1,20000000,8.836293e-02_
3,1,200000000,8.813782e-01_
3,1,2000000000
3,1,400000,1.760006e-03_
3,1,40000000,1.761160e-01_
3,1,400000000,2.057230e+00_
3,1,4000000000,2.217293e-05_
3,1,800000,3.479004e-03_
3,1,80000000,3.524220e-01_
3,1,800000000
3,1,8000000000,2.098083e-05_
3,2,100000,3.049374e-04_
3,2,10000000,2.226210e-02_
3,2,100000000,2.228711e-01_
3,2,1000000000
3,2,19,5.483627e-05_
3,2,200000,4.789829e-04_
3,2,20000000,4.429483e-02_
3,2,200000000,4.431860e-01_
3,2,2000000000
3,4,100000,2.050400e-04_
3,4,10000000,1.131105e-02_
3,4,100000000
3,4,1000000000
3,4,19,6.794930e-05_
3,4,400000,4.999638e-04_
3,4,40000000
3,4,400000000,4.428020e-01_
3,4,4000000000,9.202957e-05_
3,5,100000,1.409054e-04_
3,5,10000000,9.588003e-03_
3,5,100000000,8.997202e-02_
3,5,1000000000
3,5,19,2.193451e-05_
3,5,500000
3,5,50000000,4.631782e-02_
3,5,500000000,1.024317e+02_
3,5,5000000000
3,8,100000,1.549721e-04_
3,8,10000000,8.006811e-03_
3,8,100000000,6.700802e-02_
3,8,1000000000
3,8,19,8.082390e-05_
3,8,800000,5.259514e-04_
3,8,80000000,1.519332e-01_
3,8,800000000
3,8,8000000000,1.514912e-02_
